%YAML:1.0
---
cameraMatrix: !!opencv-matrix
   rows: 3
   cols: 3
   dt: d
   data: [ 1117.2328820960929, 0., 965.43263332058802, 0.,
       1113.0859356667738, 534.24956041408154, 0., 0., 1. ]
distCoeffs: !!opencv-matrix
   rows: 1
   cols: 5
   dt: d
   data: [ -0.076110602970532348, 0.67238608048870852,
       0.00035271204814353612, -0.00076183790344405504,
       -2.9370540878527391 ]
