# Created by Octave 7.3.0, Thu Nov 20 13:09:09 2025 UTC <root@4dad874d039e>
# name: ID
# type: global matrix
# rows: 41
# columns: 12
 10 10 36 62 52 11 45 26 3 19 55 27
 44 3 54 63 24 17 61 47 47 8 11 16
 44 55 63 60 53 45 52 54 54 37 37 3
 52 27 2 46 61 63 18 53 1 60 62 55
 24 1 38 38 63 54 62 47 25 39 45 2
 63 37 16 16 36 36 26 26 53 10 8 45
 36 44 52 60 11 3 3 17 17 37 54 11
 61 8 10 9 2 18 55 19 24 52 52 36
 37 44 0 10 17 62 3 16 19 10 24 8
 27 53 2 63 9 1 11 18 18 9 44 63
 63 62 25 2 1 39 10 11 61 24 24 27
 61 27 9 52 37 55 38 45 46 39 2 62
 10 38 44 53 37 45 25 63 47 16 3 37
 9 18 44 1 24 53 54 2 11 26 25 62
 38 60 27 39 17 16 55 55 10 0 0 24
 63 55 25 3 26 18 10 53 47 62 19 52
 37 47 61 54 27 26 62 39 54 60 36 18
 16 24 61 11 17 10 61 10 27 17 18 52
 44 2 55 37 38 8 26 63 3 9 37 63
 53 11 10 45 55 24 39 9 47 27 62 0
 44 10 25 24 2 45 61 55 39 36 53 27
 47 45 11 8 25 9 8 19 38 10 44 24
 60 19 3 63 1 17 9 61 52 17 47 37
 11 25 38 54 55 62 44 16 63 36 10 37
 55 9 45 39 47 46 8 61 0 27 45 36
 47 0 17 25 44 60 3 61 45 3 25 19
 54 44 11 24 10 62 1 53 9 24 16 1
 47 10 19 8 63 11 53 44 45 8 39 46
 10 54 25 36 37 26 2 25 27 11 0 45
 25 0 3 53 24 62 36 3 2 61 1 44
 37 17 1 36 54 16 45 60 25 11 39 16
 62 17 0 46 24 54 38 2 26 1 25 61
 53 16 9 36 19 18 24 37 18 39 11 62
 39 60 2 44 46 0 55 46 9 38 1 2
 9 62 63 45 17 19 36 38 39 25 46 44
 11 2 27 16 0 37 25 53 26 60 8 17
 38 61 18 1 62 26 37 9 63 25 55 2
 63 39 62 45 24 36 39 1 46 55 36 11
 53 52 61 37 2 9 10 39 53 0 60 9
 62 62 27 47 53 61 44 37 0 2 52 45
 1 3 24 46 52 10 16 26 38 37 36 45


